1680513509517 0.03704717382788658 0
1680513510842 0.011347121559083462 1
1680513512170 0.010222849436104298 2
1680513513512 0.010772946290671825 3
1680513514977 0.009538521990180016 4
1680513516396 0.008654709905385971 5
1680513517894 0.008632773533463478 6
1680513519365 0.007261051796376705 7
1680513520913 0.007482489570975304 8
1680513522502 0.007763815578073263 9
1680514102044 0.03220004960894585 0
1680514103628 0.009671656414866447 1
1680514104946 0.009635809808969498 2
1680514106349 0.00918316189199686 3
1680514107840 0.009080293588340282 4
1680514109401 0.007693666033446789 5
1680514110765 0.008513708598911762 6
1680514112206 0.007895274087786674 7
1680514113621 0.007686439901590347 8
1680514115158 0.006876868195831776 9
