1680514671371 0.0031100257765501738 0
1680514672920 0.0032562848646193743 1
1680514674399 0.002904177876189351 2
1680514675894 0.0027254915330559015 3
1680514677465 0.002593647688627243 4
1680514679015 0.0025468915700912476 5
1680514680499 0.002236877800896764 6
1680514682043 0.0022327906917780638 7
1680514683498 0.0024874296505004168 8
1680514685112 0.0024221523199230433 9
1680514686568 0.002814964856952429 10
1680514688130 0.0025883696507662535 11
1680514689583 0.0022915429435670376 12
1680514691295 0.002417221898213029 13
1680514692763 0.0022749349009245634 14
