1680515097816 0.0024496931582689285 0
1680515099217 0.002301447093486786 1
1680515100539 0.0022435463033616543 2
1680515101971 0.002304847352206707 3
1680515103304 0.0024077491834759712 4
1680515104727 0.002280369633808732 5
1680515106053 0.002083823550492525 6
1680515107469 0.0024163166526705027 7
1680515108856 0.0021137259900569916 8
1680515110299 0.002168691251426935 9
1680515111780 0.0020297234877943993 10
1680515113229 0.0020595381502062082 11
1680515114686 0.002101887483149767 12
1680515116217 0.002207535784691572 13
1680515117614 0.002322491491213441 14
